>> x=[0:pi]
x =

   0   1   2   3

>> y = sin(23-19)*x+cos(19*x)
y =

   1.00000   0.23190  -0.55853  -1.37054

>> plot(x, y)
